6352
59021
21690
84565
79544
81374
77393
24541
82726
45816
6313
51577
69566
89956
66145
76991
46807
77233
64373
35376
72290
71967
45431
68262
11238
94485
13962
31446
49546
23039
57511
27763
62591
15740
48501
71848
88459
31839
4978
89350
76121
32177
31300
40089
49902
44734
23257
81643
80501
89246
576
41211
40284
7538
50654
60000
56992
67520
42569
25743
15756
41696
65203
96653
84815
90553
92084
59126
50276
33571
28155
28334
17583
50638
30946
31722
52117
97026
25364
66007
4451
77447
1059
80058
73435
87333
58989
31704
69956
87317
82419
7630
9439
21608
48411
65369
7106
97949
39137
63557
67058
65362
246
19818
75795
39517
57752
36330
5508
30717
50006
15884
298
25111
42131
62237
34718
75881
78900
13450
42802
60515
5736
17744
78807
17184
50522
16007
63708
69311
22185
83617
3916
33721
39385
7964
18398
66511
32709
84372
20798
65742
92230
23514
95055
79408
2273
21323
47882
76419
80937
33055
49283
27948
97909
71813
9896
46387
15173
89648
19437
43766
43471
54876
95984
6309
47733
14478
5208
7915
26353
56316
57225
16967
27314
56999
29778
65285
26500
55146
45151
96070
13810
93179
94405
54823
10091
97145
22184
29316
1704
11261
60212
3419
6156
70665
72275
23278
52777
12135
90178
3418
95332
92745
99462
85007
20322
1691
6566
6229
94364
72379
50411
70432
24464
15669
60890
57201
6123
75862
17335
2609
6653
95370
29484
40148
77567
35082
63358
99895
65547
80888
82873
77132
77578
1019
52769
82177
24654
18228
92375
87692
186
89312
99099
35890
64958
58955
85756
84380
57186
68363
23591
41835
27060
30778
43765
4310
1227
48367
82426
14856
61601
57560
10161
63059
57325
87425
86781
17841
2439
95850
52716
68682
16015
92825
63781
29452
82218
17939
99003
93139
44998
61486
24041
94259
7933
49971
62788
20947
23423
36708
53237
54811
22316
81847
64290
37259
69012
87616
76126
60880
82488
86066
97806
23569
96398
92673
1168
62610
98037
96860
4690
19331
54063
86866
54201
51777
93231
7390
69804
46389
78263
36942
78095
72857
56140
53839
2796
86580
41577
74754
50192
45851
20873
14832
80417
24800
29083
49792
97226
91999
54628
30956
23848
37110
93340
94962
61056
22729
17824
22199
91649
12999
42109
92267
89447
70909
67709
68010
85530
43865
36602
63039
40835
56245
63856
35359
54865
37034
41547
99455
94722
93448
90620
18488
91816
31707
83712
63688
39663
73182
66606
22082
86961
13979
27527
58734
6141
12009
48338
42522
47279
69431
48970
79138
82772
74642
4381
40791
22635
25271
48508
61958
51696
88692
69557
13213
96002
63392
98672
12524
1043
34433
44738
1814
11189
57015
62301
62433
50705
30525
52415
47299
2622
68178
6351
94023
48830
16393
91000
50995
97050
158
64067
91183
26522
11899
61756
51552
12343
25240
41802
30729
67641
77994
94780
74927
58495
14626
11683
4513
67790
33989
23949
25145
81092
65330
17559
42651
70854
35030
55233
8389
29005
12085
18596
28465
45694
95642
76417
90171
95166
20006
9595
59257
41506
15442
68143
12797
88286
50252
30043
94721
55248
79746
43940
2734
61017
17299
23420
85269
92605
16387
55104
99545
75226
1115
84268
59001
80459
2123
49116
22515
18330
8274
63413
67759
50846
52426
69236
36255
17920
86312
37730
20068
2873
69823
41296
53917
94079
97312
13564
72327
70337
97916
29699
23263
9698
68154
2664
25163
55858
25323
7837
23181
40114
97742
93727
52995
22766
13975
2895
20519
1715
84814
56372
86959
85008
3518
8981
61282
35175
2235
35610
75370
21498
62615
96511
70751
85533
68
24457
23895
27345
91830
36601
78944
25644
31844
40228
43865
54320
69920
71450
74613
65904
20922
67310
99671
71465
90519
54604
42250
70191
59546
5986
36873
63845
66991
50457
47413
31924
36567
41161
75182
99078
7412
71381
58497
41419
64065
21742
10845
62273
41852
59359
81858
68851
24253
48945
25339
44693
20586
5800
77966
72446
44759
76591
24677
3125
66734
34264
64799
87645
66551
67399
32377
99968
9470
18285
4231
47825
2748
83203
14881
4856
61462
82353
18879
37833
38225
56698
54811
43355
2131
92564
26247
40661
56758
93009
89313
66195
59218
93191
83485
93288
88962
50625
62255
30063
71075
29534
86884
88825
10170
80632
54815
80681
91002
88198
88144
99463
58594
49550
60414
16654
16476
35065
17428
8183
60347
56155
3127
82537
87551
27464
92321
79383
85375
97511
76522
41230
70726
75898
50684
16142
3070
9950
42069
44698
98484
61038
14726
52936
70273
58459
35945
78952
4757
58389
76792
35198
7839
80372
41575
8393
93111
92899
67456
47963
19412
58203
44097
7070
7366
16163
15781
26409
69817
76675
30310
29464
7064
97598
20376
29326
15234
85604
47962
70659
11410
65163
39385
99197
55258
18605
75783
29203
59579
1445
77025
13780
87829
70128
16552
53807
69739
91834
91671
22277
57534
32290
10194
99111
65483
23501
70331
51833
94371
4920
8359
79435
32995
9241
29132
81350
72666
83940
34450
28914
47244
44272
50233
20976
26926
55048
82011
33591
94686
40781
55174
5632
25961
52169
73228
35235
89710
74713
14238
2883
34613
14947
13720
32826
31197
50768
18068
16605
28047
34839
37699
33996
1041
66047
64701
45679
92011
99064
72747
6828
10935
28723
34259
96351
88010
33361
67258
52234
12878
44065
88467
5997
80306
81423
55723
54716
93192
65626
42980
42316
49505
88317
44556
63041
69394
50363
17891
29324
44153
64700
99363
10907
551
50321
11350
72904
7462
4717
27599
54370
40806
30257
51722
55905
8713
55599
78321
48395
27022
44233
66424
51130
12582
6953
82358
34928
84006
63182
75059
34415
67259
7725
38510
50372
22417
29167
60929
70951
77246
99391
59823
38491
83701
60334
35742
39846
27881
42620
84745
40520
49753
91855
40905
22241
68614
77286
87064
38707
29074
84778
20701
12280
9121
6340
44590
20078
28173
53111
78191
55986
6390
7275
33493
41326
54208
89393
51445
31502
64870
34161
92067
45060
49671
54553
28524
75356
48500
77950
95551
97722
22907
45209
13788
41987
97720
68124
54533
70707
88848
13795
47873
85037
80943
33585
84453
32827
85595
34257
1769
72666
17464
7474
2232
14507
1750
75351
40267
30797
89045
1241
42891
74223
60759
32085
90013
98253
99464
23359
39989
96835
94445
28060
79914
3978
79148
882
11193
46524
90116
1925
99517
39982
58306
65333
68340
85443
2888
86356
22973
92719
26666
40189
15040
58322
71295
21461
98986
27483
44421
24328
71033
27047
86322
86417
78737
16717
83791
3695
60737
92005
64728
8858
42728
44733
40411
45739
6015
15014
94993
17515
61085
60642
48685
75428
83787
47099
19042
41582
70365
63639
66058
99492
56345
18921
25695
3770
68277
66686
15896
15458
85800
80968
7459
5774
38650
34000
43510
52129
72220
31145
85069
96370
16467
31140
90595
58936
61248
71734
25479
56106
45693
68092
40207
35340
60273
97006
27030
60050
45835
42508
21921
40905
90015
57346
28802
46095
54399
17610
67159
80116
78934
78443
27620
68463
67738
50035
93947
22693
68559
8931
55872
55713
82750
24552
38112
33103
68922
53622
62170
35214
72347
24830
56444
88895
125
55321
51775
26261
87029
14931
89912
78282
83124
4762
85134
67290
59643
79475
53761
66179
50117
34685
83306
10031
73559
69340
16661
75219
43088
85600
8234
84050
52485
10263
18107
81040
94947
32200
51219
81550
5422
35011
56472
39553
63661
94440
51718
25341
22697
50968
50116
52752
58368
64979
64069
184
84487
22490
23377
57907
92226
7289
85390
34448
16530
26276
32620
50961
50474
90113
46415
43460
56605
50344
3346
66975
52091
67493
83557
45103
10351
56584
24719
28219
47384
15048
76278
65474
71927
51383
80980
77612
20513
15203
69966
11175
63336
42005
33470
8357
7492
9817
92288
88651
65331
57211
9794
96030
84384
17795
97587
7218
43453
91801
34812
28535
85894
25543
31247
48610
56574
16178
49878
4647
24234
35031
70446
86066
55696
4599
42472
31420
15974
83906
20446
18065
53725
78156
70865
12737
25169
84003
89886
11892
87909
2836
52118
83542
38065
58212
44451
16149
66679
29599
41312
78321
71325
52887
29759
4829
94992
87060
25647
20700
39724
18576
53119
23929
4286
48387
23024
66348
49453
52138
79434
92484
91123
98163
79906
33618
52758
31459
20352
38397
19536
48611
13598
39142
3863
84285
86650
99352
30496
69763
87395
59981
51091
96345
91742
15027
3969
8027
91046
51484
72449
63077
23380
60196
19732
87759
50299
32196
69053
65686
76073
51661
31720
42138
25487
97477
35254
65286
77864
91151
83107
6044
71807
93804
61717
94079
82938
34152
85562
59573
30189
53275
9663
6773
7621
45661
91642
20658
48948
46584
33885
25382
39540
47447
76699
34579
20857
73469
25174
17143
55319
22002
34350
99657
16780
57599
27190
64923
23086
6055
27243
69021
31408
14139
62215
5033
55423
96362
14068
48401
4498
45796
8025
36153
67562
48101
93121
26843
11739
18878
34353
41802
97698
24674
34698
77237
6323
87791
41662
501
15522
13438
88794
61293
6494
53984
35502
92732
64367
25641
64418
39529
71611
67573
64885
91920
65317
70640
18
75983
33960
62608
95369
95670
26475
33977
95778
92423
98422
25337
40473
58323
62509
98701
46771
24507
48872
89825
95767
59016
54385
39097
881
16955
70672
60794
64830
5623
49435
29137
86818
58848
46368
33233
46380
1500
25850
12648
51829
5760
75179
96091
16184
28215
2677
48160
2392
80571
13036
64797
86469
18883
3664
23248
85158
46077
83331
27811
42408
25819
39833
87006
57872
94810
27321
44463
41611
22402
44856
16292
92479
11873
91003
12209
78791
41157
34749
58113
35564
47553
98796
45577
50380
1362
39276
36609
74559
5182
11928
93661
14823
27957
93582
55695
55683
56417
73195
96247
71794
9641
87855
6754
43314
16174
37471
95528
14968
90258
35703
66247
34606
64345
83249
99280
23385
83830
22136
16908
44026
89871
85718
69407
73495
12673
28097
34171
10950
83114
17095
19291
13575
3069
36813
46957
16100
64523
68379
7862
35264
86515
47310
8451
25722
923
73805
38400
359
48114
6754
30393
74747
24052
93803
9410
19488
99458
25415
50225
78616
79555
61311
19106
21260
48342
8822
77812
91560
13445
27332
30976
29676
86967
1425
43393
34169
81149
35109
23738
12308
7266
69726
98263
97220
62566
52366
69124
11620
75979
43769
21479
34319
91024
55013
90726
29372
12735
96579
87784
28405
65530
68804
86708
52186
81717
57254
53776
48472
27447
37883
51634
84922
23236
99634
46575
6418
41328
43215
28511
66776
19482
89609
75433
31165
19821
19858
4442
38044
37598
56566
84980
94695
97217
40239
77499
88406
90402
2049
92144
41917
57002
54103
8434
32129
11893
44817
13758
24709
64818
18285
63906
59725
67609
52801
98397
509
43802
61996
13701
31484
60261
15251
78669
46736
25661
84729
20226
59049
37063
60422
9143
74877
61001
20817
83837
31661
80285
88074
11316
58576
49912
57526
13651
2658
332
10533
32347
57395
64329
18394
41070
52333
56621
27212
56271
33930
94718
4631
84840
95974
73386
14493
79695
56318
98376
43507
23883
63645
37505
29233
42793
7135
97695
71950
26022
90971
85095
68772
78043
36775
47657
21399
90406
34910
40466
12422
93170
55179
2667
84905
63836
80303
88153
82102
89249
28997
58331
73362
32450
27928
60906
7645
57651
83233
43184
94605
19793
77701
60954
37060
84181
53632
74350
54022
37042
58034
7579
34686
22727
1915
91660
17619
35774
14371
74377
80358
85471
99723
36405
51451
77962
86826
43175
12627
40211
10283
2660
99473
9997
25935
16048
38145
65009
95956
40789
77881
21838
26238
73306
89707
54263
96290
41168
98467
24300
30519
22921
11881
33935
83304
15874
37356
61033
70541
32891
656
62102
95538
42620
56764
2607
66934
48044
35187
58003
86995
29331
59128
88046
16676
60545
72606
8453
93718
77339
44681
28944
9548
1440
94397
24537
5242
28999
28665
25770
97445
89292
93946
31957
960
2242
87372
63142
25150
4932
70307
351
61284
7795
74141
69881
39350
63285
35814
11341
28741
25546
63247
84542
94418
4967
59485
36454
40588
43609
30299
24918
71662
85601
36778
82450
34627
25694
6587
3262
50795
28302
25305
16603
81387
31158
77814
69722
96702
16510
30871
72052
3649
90385
11558
11764
83165
29702
44972
76096
31599
70009
38867
98326
16032
13358
88471
90507
48259
71392
73160
50866
49407
21678
48136
96697
70962
41620
25085
53520
67954
40900
12418
83476
42187
55858
19356
18204
77916
36679
39560
16204
44509
96555
73711
80787
65247
44155
29390
85209
74878
76617
76721
56706
47302
1129
65255
94660
1708
19340
11215
20687
70055
56158
66920
14859
57590
68987
1238
66346
44878
90640
34755
10773
61825
10220
24808
53095
65230
52318
48316
11839
30987
75629
67960
89791
19192
1580
54791
67439
54820
31159
37840
91424
94284
77856
14446
56301
69700
24364
23827
27032
2048
92763
65166
40289
48908
39637
31615
77180
33662
99418
98173
56255
90517
79689
3834
45931
4926
25251
97265
94837
62817
42325
58300
60944
92830
91853
73877
87250
8436
31691
88268
53737
86333
55992
95108
27560
32553
12701
8180
34883
61080
95787
50835
55302
5826
69488
29190
5474
97010
89418
19076
42270
24157
79865
71018
76248
58866
28207
97342
10742
74059
40602
77537
94165
49057
83869
12351
45166
26856
8497
24959
90422
11164
14485
92759
26563
37102
85758
9787
62376
38867
53426
34505
30673
12045
721
92610
88291
70114
4966
53164
2776
2206
19986
72562
40599
95973
92314
43435
27104
20998
60588
27523
19358
84410
49281
35539
81676
1173
79302
71271
86550
47551
97047
13042
15279
52010
98360
74005
53543
7216
76275
96976
18983
96653
58044
91671
22125
8196
64753
91360
95954
29376
4139
28321
32152
29597
49753
42645
24428
59608
78840
68051
88114
623
26463
50446
6676
80541
33137
43525
27224
26428
51083
97232
93950
17272
56281
58576
58767
10562
50163
71335
61459
67953
53064
44010
80931
56988
66373
47458
71505
71520
85705
41018
11409
29537
4868
20355
24864
48381
92031
84175
71851
71800
77111
5073
1466
97882
97913
70084
56364
69167
57758
14036
97122
6781
34065
96947
37795
80603
28365
8655
15515
73984
45720
16752
44614
82789
2798
49441
75051
96169
94044
70877
54319
84846
37309
75815
58668
38010
73779
58391
56398
26255
72557
74009
21165
45306
67680
87082
13648
47896
360
67271
9960
28208
66768
43790
48925
76565
56524
5674
3192
23623
70685
76450
88245
23410
5468
22383
38541
11510
83221
74293
50678
85115
5892
17143
78814
30554
92474
56188
35676
98366
49465
52548
31141
42266
93566
57587
61943
8604
38027
92890
95122
34121
10512
90500
23111
64168
69514
74955
44666
50047
43834
66671
45680
99061
177
30598
59652
56283
15857
60370
1690
93450
70968
73123
97037
58847
98896
77593
5668
95674
63999
751
67371
70683
65136
74209
15518
66660
22535
30578
86660
77345
54252
87311
95105
98235
95758
92793
48914
15261
76075
90984
96182
93743
96432
53767
59224
65539
4685
95278
17286
91800
14783
69686
50903
38149
77168
45775
6101
34149
88711
72649
41030
38309
88713
83240
14994
52299
14875
26339
95163
8387
81037
14298
68208
70424
1366
80545
15055
48070
46470
89391
54332
54685
33434
97810
86275
1030
25664
14360
78748
20916
35616
84451
43069
87207
49771
54417
47564
34110
92166
74047
94038
27363
98373
66241
45289
18297
21487
69877
96785
51334
70950
90106
73864
68164
38699
15272
3269
16460
49940
3239
96035
1281
11372
46243
43861
27604
7905
60926
25762
29716
54005
1376
87432
21070
24985
80770
20662
14638
19433
42805
86154
6808
40086
91982
96676
7129
84178
43592
88892
34035
48866
86875
47522
6868
7924
29922
81890
98478
56877
41786
55286
35608
89864
8106
19893
14960
85872
74412
25375
51919
78139
45721
10650
9429
28034
5967
51548
23037
38110
64186
32343
60955
4113
16784
25329
22848
15065
25007
60527
13536
18375
74309
1863
47400
90129
54446
23143
37677
9931
92569
28784
94163
14826
10338
18618
18387
16209
72371
89511
30539
98922
89087
27120
13346
21302
86562
2562
15214
28724
73581
82862
42299
17118
59675
54451
71477
48931
93787
89171
39849
26765
84962
57863
98821
20769
2509
63584
87093
62604
42118
9355
13939
72509
54426
91271
76962
80292
25389
27115
13656
20279
81322
29686
54584
37943
89664
59962
19778
56066
97559
83820
16490
58868
24078
88135
71342
65674
50235
84334
22480
21456
60034
3289
35025
11624
20591
21655
4392
30171
60124
22422
93134
14579
16367
97832
54092
50351
64236
80845
26339
84164
75367
95972
74757
24704
74781
23596
29693
67503
3693
9721
40366
24306
2569
71161
93298
80318
24236
16952
65161
3671
11230
46306
87738
43823
18263
38411
38466
37614
97003
75953
74647
56821
30476
49827
93246
31381
98805
27741
26341
74942
74514
47747
33891
73202
85693
10671
82366
51722
31801
83211
17633
15097
21828
34831
6147
8851
27064
30210
85140
89345
9675
67075
38998
72005
43564
28654
87246
71929
36750
90955
69243
19402
59285
12086
69316
94369
5162
70645
66702
25449
36244
11760
77420
2264
41902
40361
64554
64845
47010
21237
3319
84182
66654
2722
69911
95284
64144
90353
86119
40994
56377
49705
13300
64739
84566
30971
11105
39246
89085
17221
45387
68481
30220
79857
35844
54955
50090
44085
73244
16123
13756
75445
55724
95315
23522
28668
26969
61491
26829
18032
83037
44169
65554
68760
63961
15749
24397
35948
84525
70662
53583
71214
23635
38820
19605
63445
59719
85460
48812
56908
82854
86640
28636
33735
56308
41238
32512
67326
98555
23500
7081
44139
10164
74481
19786
63078
45121
80070
47003
10149
79742
94123
61811
24261
35688
39103
72067
6801
67805
52835
29195
9158
18060
43014
66935
2292
42768
75641
78754
5842
94131
35321
83397
71543
99789
15734
24684
67963
87376
55654
3035
22698
51629
17509
52030
92467
69382
95251
30034
81197
79668
16834
75803
11734
69828
67598
22632
15821
79437
41973
37418
4095
83234
84110
33600
37348
19203
34063
17767
91307
80228
31721
90037
99016
29552
5634
10870
23035
918
84832
88326
71486
64250
87036
18777
19609
7846
57994
29944
85718
89575
34019
55840
78398
10663
34598
37223
43012
43023
85130
63155
23523
47606
71567
98475
55563
53889
98153
81930
72471
49374
64538
80503
2331
87256
51792
2230
27728
59401
39418
63374
95753
53077
88183
92987
16390
60956
86449
50701
37058
89192
15189
97784
70939
68310
26815
42402
91912
20398
30175
20302
45921
30461
32304
3447
12751
40086
47857
81457
82973
81068
11608
82862
5756
41011
93035
83456
36876
69627
48421
90370
71977
48770
19535
29135
6339
98228
88338
1904
51107
58903
98888
40076
68786
38703
78373
1090
16276
18067
63155
45607
79811
46955
32024
36347
22982
36162
50610
55132
45739
13759
94334
66616
39578
87816
84911
79148
17630
23002
84346
71175
96465
3245
16502
66929
53408
16462
41295
80422
31840
86927
91418
50481
57754
85666
12851
2737
76652
67997
71579
18337
68307
43423
17851
14096
67736
2023
79631
44453
7503
4019
21236
87152
81975
92654
50031
6715
48058
45456
3457
64250
44579
757
31931
1143
92247
4228
81159
6143
4080
65418
97703
67586
96213
52789
32661
2684
50658
17341
22843
47873
43354
12146
37287
32999
97526
55324
33135
6856
15152
2848
52551
23770
92029
31729
65100
10432
19704
74459
90396
57696
57345
25171
67066
19819
43610
71931
81152
55135
60726
12532
32147
5604
42424
1597
87435
60519
18592
2202
54310
36282
44386
27509
72438
86291
38170
62636
96124
79014
70835
93237
55652
15851
18599
56005
96331
85345
65670
10447
68303
42534
40919
88936
39711
89473
68329
54462
63364
29061
44906
48065
74577
18457
92617
43218
87404
86779
70657
76247
62020
26066
46528
60522
71902
7455
91305
75557
65299
80694
29588
57701
16607
65596
30186
33871
53476
42454
13608
71011
80696
63793
31455
26753
64874
72829
81418
53856
83418
18117
86593
27755
85187
52861
32324
55345
88022
23920
78977
99709
3821
8847
18743
66876
46114
42617
66802
85678
19303
58817
15758
95950
64905
27114
85948
44515
33982
44559
34502
96224
40427
99844
63972
54883
36779
55260
58805
57065
70529
1370
42336
15552
47166
17387
12445
26939
6659
29433
82977
23326
30263
30443
80063
888
35976
75696
89211
10852
64286
8627
16306
80464
14122
76544
74004
43366
76356
92297
44932
64829
79778
9435
55978
61715
47397
77284
92975
88012
69912
46255
94768
853
437
96687
21705
93369
1836
17683
98521
24131
75004
29502
85409
69458
87409
2816
98430
8566
55312
22130
27129
24008
53339
11615
26469
11798
71147
88055
90872
38269
24540
87500
69934
2657
34138
222
33088
72946
31361
41435
42703
54644
76535
43187
3523
1740
30339
98751
62065
1128
7188
90726
28801
75531
54884
49686
32212
40818
5187
12600
93811
20151
97601
54114
59117
74723
9158
44814
37206
76513
1980
16034
43074
36782
53661
66372
31405
6680
95383
74894
5663
76306
12123
5408
80269
10550
67796
48122
40584
1172
10703
62933
61079
72729
18304
22677
88775
16785
71290
76119
9130
67379
69264
10055
9799
47342
94859
50290
78227
90699
74
63736
86143
93450
18591
17835
92769
78724
71031
96529
42039
72971
43021
23975
79687
89256
10316
10226
33302
34326
12361
40119
94740
94237
7177
7982
66635
80733
3727
80032
59505
26766
4488
33864
44317
9070
52654
84684
31975
60981
26718
96609
31679
70020
8356
63934
11274
29480
99512
21905
44564
31839
42394
52550
23750
35504
332
12432
44392
54424
662
41113
57373
4291
68040
50121
50830
87450
38683
56174
91938
5287
3105
18061
11215
77125
79558
25879
68998
65858
99090
494
97516
27100
45442
14109
62634
35075
28144
32817
71966
56353
85815
98643
90894
81594
41764
17432
21748
17083
93642
37872
36811
52434
89476
61863
52148
38264
47341
81336
35039
36243
46918
60528
49576
41829
51827
31216
29517
43771
88432
1004
27822
70709
59488
97591
66685
16813
9951
77533
76421
98283
32998
61635
70303
44465
96526
39421
28527
24477
7748
37992
7949
37105
94260
81181
55874
55625
84364
51107
84517
68368
29926
15290
56448
92939
66583
58769
40979
97223
16364
95148
40964
29336
79582
29492
7409
46092
85461
17258
42690
80330
70974
25963
20384
75698
54804
68707
22663
32804
45150
81777
12477
94610
819
13806
44505
15359
8387
49492
63921
54389
52139
79431
44925
83661
36600
7921
98719
24566
50197
87532
72196
88193
86021
77645
2953
34614
12100
33410
86539
52855
13698
71069
25450
89826
62270
50340
3964
31003
83463
52097
63682
82840
6020
49286
4177
41282
63549
836
6031
26348
40947
30201
84920
28697
55130
65019
94719
20184
72964
61932
50108
92899
8314
9980
25160
61755
90031
80436
37515
44514
81374
43201
40730
39820
66951
14887
80716
81868
95299
98479
55562
3846
66717
26196
60364
49161
43144
81864
76375
72263
8637
49199
46019
89616
78688
37819
86425
39054
54896
22939
70982
77339
54245
12668
46992
20816
95366
43221
19952
70642
22532
17008
92027
77691
74484
80745
88772
57619
82984
75178
61321
89817
33946
86843
75880
9750
99021
41399
30491
80726
17737
63342
11582
53374
88482
54537
85363
79195
53471
95939
47012
25579
6786
32585
45895
16639
32613
952
27765
99743
38928
85671
89106
96141
77545
9439
78220
21880
57258
54578
85490
71933
64652
61774
52588
24987
994
26459
46378
74357
17212
8233
70793
66781
31064
15391
2678
77337
89680
49072
85176
92745
71815
90224
48945
8343
39987
25977
18395
92738
87557
54272
98910
45513
41521
2730
38507
17918
84361
34600
24814
11568
90379
83061
63103
15129
68783
49807
58855
37960
27635
7903
1770
62241
51576
80014
80013
68718
73694
39254
32349
98546
53325
30552
82277
28471
60460
98080
91568
11756
30678
20396
50303
64104
78846
8086
70470
78483
26425
34271
65854
10047
68812
66259
60476
28206
74236
76029
95092
3702
68682
7544
74805
6364
80188
54218
29125
4389
71578
2475
68104
80627
71701
69372
82203
8999
66938
11264
40783
96440
44913
6980
60455
80349
53635
27108
15933
84789
15121
89535
67892
50712
83569
23761
60963
21670
19798
59282
30641
35177
72176
30994
31439
67171
41079
7537
39087
19053
54914
80536
39495
21363
6753
67729
89312
63995
46725
27584
61122
96578
18430
34829
61126
16708
63438
35935
22851
82544
1105
50819
3475
53499
33684
75980
21278
13574
23455
49767
84750
30734
92987
94808
58267
43801
18794
47890
6710
89616
88719
88805
4300
62717
63617
49143
71933
805
84316
51496
6583
46299
22403
1494
2270
64755
23472
9795
62204
6380
80726
40082
69324
62895
88245
15659
16739
22266
29717
41453
53214
18711
27865
94942
81667
14317
48112
59286
21171
2079
54792
59525
93965
42765
7369
39347
1011
43798
38602
52707
51419
60935
36844
20630
80446
67412
74777
98282
11843
35200
59007
7708
95304
7938
46850
24720
81604
57953
22130
50140
27706
9583
78227
43903
50695
86018
63409
56187
41282
28884
17706
72939
81443
70562
2931
94902
364
93207
12302
31189
87792
52113
16651
35194
81869
37321
82521
60566
81707
1377
89575
38634
59575
91764
6704
29212
73588
72949
34407
9177
97620
98884
28812
59182
24190
28515
52074
93455
59819
70159
73410
8995
98837
700
56094
33452
99773
62643
65008
61168
53820
1540
95123
96274
48073
48894
62622
76784
88865
77492
28360
80329
45003
8889
64921
2524
54588
88119
11087
84648
94655
2444
38660
92367
38582
97476
34278
89060
72157
96773
32255
4241
50210
58743
79848
58017
1368
12493
50431
78899
4209
55075
5666
1818
23390
12243
11809
53119
92132
77522
66796
25241
7568
76386
58363
66104
7595
87924
11159
8572
58713
76254
82057
83061
21272
76983
14109
82122
25809
9071
32245
92399
17924
87505
3485
83817
29123
54884
47730
8421
90967
20527
87401
8561
84512
26899
73135
16557
783
99359
251
78708
93317
70425
21016
99913
43735
11342
30901
1404
36406
83434
83565
57421
59162
39891
31705
3832
51492
15760
67919
49970
57271
27145
6760
14971
2201
91031
18654
3643
82146
66387
19965
73107
61233
80865
41692
37767
21231
19453
2528
16319
99538
97177
8492
3757
19507
2528
66720
974
33119
40557
40304
89867
70153
91995
37126
58782
21323
93365
56575
47694
61915
39071
64231
59388
4580
42602
54342
32165
41469
74558
15149
72875
11298
19116
71378
73387
55374
23667
74127
63371
19965
23323
59560
70099
34987
60041
27489
10159
41026
15952
70386
41169
53135
70164
12571
87254
62235
15009
14968
63574
49453
11870
12407
64865
83481
26936
85886
9880
62367
20729
23131
89073
17962
85363
64681
69775
82632
90281
29620
84999
73351
48798
83165
59240
93376
77711
94153
93250
26140
21317
86426
70969
18196
47900
1254
15792
43866
65204
67590
68263
10502
20681
86524
37924
20575
76757
26376
80126
17316
7478
61212
79137
42228
46623
70802
73781
32099
87415
23082
96291
64719
73641
24474
70696
50259
86900
89208
68922
68392
48414
48845
75114
34003
81664
83084
49760
66880
70707
42886
68288
61761
13745
91182
75670
60466
10218
75899
41506
37608
27367
49611
66370
25280
28934
61408
88650
41204
20823
11088
3465
32266
70923
30602
34798
3246
70960
63986
76612
73167
68373
37533
93884
18952
88450
47581
56615
81826
50986
51706
53554
36565
17615
81991
81724
29040
89230
58755
52140
80745
19061
73537
40598
41462
30078
32073
87049
41592
79200
88377
35596
63172
98245
37489
55579
30346
18513
3864
53520
57987
54981
56474
37386
48751
70804
57726
91715
95357
68839
43202
35556
62342
85716
51657
48423
47808
82989
12347
76225
73645
18293
62532
10548
85344
88619
70535
72045
8934
12097
97506
67815
35595
71306
63121
81970
11538
68507
86060
35031
96681
84039
44752
94007
75751
165
95703
29795
22083
44144
93298
1468
72368
13736
48389
95302
29214
68388
27151
89212
29064
43237
35643
10145
48909
22646
61417
59933
17202
76224
37892
50925
58601
78432
77338
35294
25367
63698
71965
7260
78911
89688
6014
87500
33198
86784
83673
35410
28249
43362
42602
32179
98243
53370
90396
91249
87086
39896
56748
61570
41395
94489
63340
6422
200
52516
11
49692
53701
14528
35075
5341
63081
51645
90731
25597
64892
31874
85575
24928
63990
63493
96539
97591
95876
55483
27325
646
34574
78331
63664
65050
28866
21298
45543
30123
71788
7663
73160
51739
92865
1640
89459
39972
16433
3197
46311
41480
5849
21880
47141
75108
82346
48211
12729
64041
27561
67733
12407
64634
45966
38598
79272
15877
19011
32231
63642
10222
20402
84991
66866
541
21992
12347
39986
20009
36173
15006
97220
19138
57228
47147
66164
98908
30056
68257
47739
89859
82063
83588
24743
44587
42972
62680
39271
85674
58593
58167
69139
41215
93302
31896
76466
38836
28797
2107
2035
46541
4034
72422
60868
24308
61148
98372
13485
58917
87181
61024
90025
41225
45162
45841
17406
62737
61348
11277
47562
35928
30582
70647
28276
88075
71209
76242
43358
18044
90794
23539
47260
67649
81015
60042
72898
2131
58786
84752
35392
65151
81024
7696
77316
11511
67849
16090
42600
28397
29675
87581
61311
8592
92334
98326
54389
33219
34453
12501
8863
20824
97880
33486
10835
11963
32131
54800
632
29317
36539
97057
96809
40418
33736
29616
66683
63146
85248
41881
88349
75543
10075
79560
52165
66199
45985
91051
52956
65778
26716
16892
74273
90071
89475
80327
8788
46098
32377
53293
89648
77293
89119
92970
72405
41732
63306
27114
3149
34329
67132
86304
58068
66245
93935
34669
56785
95980
74966
55873
17432
70682
92575
59810
45357
76887
41168
7165
71673
94212
4720
66533
20665
5231
44551
12461
13108
23968
74843
71393
73714
76219
76086
12483
74743
98248
5214
21705
9034
48500
76516
84381
336
16765
26361
2338
83690
11978
19459
68108
85400
18832
75860
45109
15655
68734
19170
98464
448
14177
91103
28744
95236
30178
89739
19470
72911
15152
12021
1798
58532
95522
25809
20227
98245
93718
78147
29283
65585
76865
71008
32458
80854
89727
76806
87813
64387
24664
32684
16008
41898
70307
68490
85786
79343
57861
25436
28074
56476
83249
29002
67463
36615
80260
55017
73038
61922
20910
54527
12781
3746
36147
78556
99827
60533
5566
23176
16370
89845
24117
76295
8797
47449
96229
97818
75444
90299
68269
86970
85843
44208
93731
29806
90937
36731
46167
22738
66399
97657
86303
77124
32397
54575
64095
25406
28539
89684
80337
37777
62370
91351
28182
20794
42256
97196
30053
29688
42365
73360
45757
88967
22183
38216
33364
75918
70238
74385
89389
63257
68286
43863
47803
67873
46808
39675
18961
87292
95901
72674
64740
161
11025
49131
94050
14526
37999
93570
96731
51689
7145
4321
8697
64630
92992
77850
89008
24451
13972
33469
2837
69463
22516
47778
36547
58849
5360
46004
33893
86518
71790
42584
24194
81485
7707
12588
81961
89879
71704
42508
95935
61404
43351
80648
87043
1602
5707
90331
60818
14947
98791
36614
87452
27336
45951
90313
66969
82423
80948
37740
41998
3202
71074
25127
62773
51546
41277
61919
28164
93996
55671
81846
49546
62121
91920
98878
7657
72240
64624
5219
68900
67693
89690
96518
95771
919
84218
62436
1364
19942
95190
20184
50674
64734
8587
74058
77175
92949
36945
24921
83812
32576
99243
88751
89381
61251
71333
95820
90240
19351
86571
88083
44345
84421
47092
45891
59394
78192
31536
78281
86266
20002
53993
16041
63691
26287
79263
96966
74486
81748
30278
11475
3679
36311
43020
28604
46136
52440
29814
6401
88043
57188
54402
40150
42607
47443
78881
13626
378
71460
84834
28957
21486
15709
83535
47921
66163
99530
60054
60642
40489
23020
79466
16050
68054
25913
24990
53898
46756
809
7095
88559
47944
36300
4334
62178
77353
89942
36805
37182
92234
19984
13768
84582
66354
7107
39525
77414
87982
26858
58963
24737
55427
34284
8759
21069
35968
76130
42028
33582
81001
50208
51346
23884
926
39748
45288
89166
5428
47345
63209
769
32541
57720
98756
93319
19955
5491
52461
87904
43973
85329
31678
15585
47732
47549
94332
55686
34616
35679
84120
57462
27269
40692
79185
78869
96112
81433
25487
44329
26888
88868
93558
69675
10510
58225
74265
59980
52820
9944
74798
95342
4014
35467
1842
90396
63335
31736
34097
36383
11100
43951
96960
9338
68002
43317
27065
13400
67679
95126
48300
94691
13728
70420
24005
48309
1
85672
12074
92233
57315
91186
1425
22189
21327
39918
24589
46424
99481
34453
9386
99986
94422
74836
89213
71739
8880
79240
13773
23687
54524
803
89109
59053
12081
11531
5108
85828
59562
60355
96630
31898
97712
11736
56630
53041
85017
18932
63986
90751
71488
46613
59434
62860
34512
65489
35874
22623
14598
12593
38698
57648
58082
29653
85309
44978
84098
21566
75678
64039
17149
69862
47063
85273
88065
80096
88438
73921
14642
23410
63097
12329
93751
40866
16010
7151
57991
4501
79364
88372
93262
33030
92874
35621
90814
50833
37702
69065
84391
68541
22240
36754
62356
15540
91538
62714
88509
913
54722
58813
91071
87813
18526
46582
81598
93957
16103
47679
97179
55563
26561
23875
87752
71929
12561
66865
13273
31861
55316
92543
10765
11537
71993
45993
93532
41108
89872
65496
1737
22756
16969
44398
50458
65765
93852
97263
81233
6001
48839
26238
13767
68201
39743
28767
52865
70036
52294
87840
17505
94457
67236
67847
68296
238
40649
49806
98541
71268
25385
90033
1424
16690
80164
786
3177
82723
64124
47975
52656
23563
87758
65357
84272
48041
22087
39546
54518
90548
6412
74430
27872
72538
53546
52315
39893
36174
9078
80144
16665
9180
28330
68446
73146
31027
13955
42620
3533
10652
92495
89880
93913
76116
9671
79431
66197
67850
75867
39470
77654
44376
11332
99443
74839
21614
66235
9519
34176
92971
29522
93305
39742
23242
68559
62522
35651
6912
81871
33573
1056
22454
39316
22389
29202
71446
89651
68050
41903
96234
11997
80021
88967
86191
88287
26769
90677
25556
26498
83740
28530
8907
21850
56515
46855
51267
89612
86569
63283
95062
96483
65409
15394
67476
50205
94118
1951
77067
68987
23353
40807
74905
21294
45783
45142
31430
83672
81370
31349
36202
36112
52602
18316
90497
49466
82602
54654
89927
76259
1050
1402
57514
59230
489
65449
45531
12694
68929
67413
42699
96248
42744
1276
84057
87379
15936
41747
28446
55589
18361
36374
82774
46426
25749
83562
38596
53031
55113
94497
90669
38150
76679
1193
88446
76170
11977
8167
19614
63044
7117
20292
7381
77634
35817
3493
22132
73985
55164
9638
1750
22461
28714
57397
13256
70106
46998
80951
2312
35395
56543
18047
96572
86947
5905
90214
59958
72838
7684
77337
8409
20006
712
56235
5717
97305
55310
21133
70370
49861
8912
57742
46442
27144
89178
44323
62317
89651
43055
77632
94041
68565
29506
49157
87215
24943
8333
25821
33200
10995
29036
27773
67078
61041
49752
9753
30052
10717
18473
98698
23370
79473
42889
79767
30880
40683
69571
42615
39343
46973
18517
86055
7547
43565
9475
18780
99247
80987
72043
50254
42679
12487
4928
78755
23360
59962
92637
16514
28580
17884
51287
41024
25566
99819
55467
23824
92736
51296
18921
22055
77391
41545
20969
19574
50836
53003
29771
9376
95872
70040
20398
33309
13376
80326
55946
38366
41502
47200
91777
24617
50120
18212
24102
82717
84014
64077
14261
47492
75186
89542
14079
23265
61557
80181
88040
15516
47616
679
46077
71597
57355
66806
37143
27663
34023
19160
34978
66941
75583
60969
24515
65090
15943
42201
9223
60319
97467
98086
57033
49990
73541
32258
97630
78372
63392
88968
8639
19286
83704
54459
78017
45197
54987
28256
64016
95296
54795
54095
43894
52427
15414
59426
19093
22010
58828
88543
50191
871
19614
10548
97007
51449
38709
97452
11201
3257
65442
96231
40233
72291
44888
12928
85960
80635
1998
95043
5549
68223
35895
99838
43281
55455
36774
5087
24598
41670
94433
25169
8908
70724
50671
19765
64478
89386
94014
32685
23520
30363
25945
50269
6000
39586
67334
89834
18180
94706
25768
91725
98174
87628
30057
26181
46011
43219
63060
75057
10084
47799
99003
15368
83741
86461
28572
49032
89681
64764
56201
13480
95420
71844
33842
20491
25611
3583
70445
76459
92364
83278
10594
47386
1747
43081
26955
12113
25716
29998
94736
2010
11363
86900
44835
41356
77711
44466
90523
99007
3108
17851
22302
65431
86172
48985
20334
46295
25868
30623
1664
66323
52378
66573
22274
80895
1645
78114
80640
48043
14145
70096
2625
40973
53505
1906
35913
63813
25080
14656
17098
89017
92861
28680
65318
64263
86456
49418
56760
42821
44477
11965
2250
33235
55050
79424
9124
29070
75256
91780
71321
6975
95529
39316
55408
89756
27219
64847
40994
89574
78231
9416
17986
47591
70628
93634
53509
89287
11423
88543
39551
98277
75524
85303
42075
87371
54158
99727
97433
85856
99971
61888
4890
27039
13721
77685
99296
877
7760
89776
20704
14200
18377
3819
56579
17577
55459
36076
22517
66581
98163
78912
19286
71184
52580
66375
33070
11301
92867
40224
70597
13186
31555
36513
12744
53312
75206
36829
29992
30993
26702
89775
31301
23228
92399
93048
68032
35010
58931
97531
80977
67542
2068
30922
3844
10894
48341
83389
27225
56569
66601
58548
31688
48278
64588
94359
93492
48161
18659
87304
71660
3127
82329
28121
20053
75140
22551
41757
23739
20054
21866
69819
84179
63137
21110
5527
94274
778
31020
77643
39108
71260
72422
32379
31759
54501
44445
61808
70904
13382
12530
41262
96980
95081
77896
66315
86565
28096
74094
20108
52766
62194
39721
29988
96598
10243
61321
34317
89135
10579
40242
28114
32987
69486
75748
16347
87680
83024
59360
49723
9374
15277
67009
62646
13213
28789
17537
33830
24222
97636
10593
28005
32926
92776
81074
9861
98535
54621
92379
48390
57248
24435
37646
55993
64975
88888
31589
62072
54632
18515
74103
34999
24651
56169
37192
9425
77645
91645
38772
97219
5901
23173
70059
7148
60479
86504
55459
11973
14643
70267
4556
8391
95766
12595
63924
94448
69127
33049
33586
89935
89836
65975
26503
48923
97650
36240
35382
19912
20816
26687
72486
10
41464
93567
67653
70206
51025
48045
84564
68646
38115
45197
37441
97623
79819
51376
31691
585
98478
63969
23294
88779
24508
67742
55586
59818
31186
63738
3053
59551
31312
45926
41620
98528
28017
92863
34298
8077
20917
2438
50155
75750
94
11068
78963
78260
6764
4589
33473
18422
10224
16463
36537
62514
35103
42260
44343
29902
49966
98166
41935
83285
56267
64833
7141
83142
41931
77560
45818
71019
5898
44418
92429
1458
4025
51099
8469
62834
99760
44128
17697
62364
37085
91742
33829
71274
78765
7245
69490
6585
23419
17516
9060
58022
56061
50728
71058
93227
89324
62462
45806
55317
87391
60482
81611
89677
94149
84231
71625
60304
18312
87866
4623
97805
41177
58636
54428
50714
20218
79995
68606
67852
96824
61898
17063
47975
6417
44913
91697
67508
17521
74363
34898
73569
59522
39393
32223
10545
64958
35754
24402
99203
2093
40960
92266
26000
75276
64719
76330
95589
1317
81923
12429
62481
1530
18905
43186
32013
74156
474
47102
31129
76961
93938
3985
64232
32480
90249
7307
71869
45080
52805
92297
84320
44943
38126
5236
32249
89098
66709
14318
54881
4627
13728
22171
16403
84038
27085
58892
72363
77568
85620
28940
94761
46480
85815
62444
17066
82939
7492
38239
94706
80467
27594
89429
77963
77613
55545
96778
53977
74967
50135
19748
57451
1856
12521
10301
88971
43983
30135
36383
26581
77785
96060
50026
27961
817
14606
51514
79986
70272
74768
2858
21685
57063
70888
11028
47815
44110
52139
54160
91129
2671
93760
11085
5721
78608
9269
12187
8459
71518
28710
47756
55201
24752
18844
94808
27971
23923
72897
63700
37929
86637
60404
94487
38576
72780
35511
90302
96691
6051
93809
5889
48475
33135
86049
39055
54987
78767
74082
25774
56330
57470
45661
97862
34442
29486
6512
3044
90286
38819
40930
97315
87435
85837
96233
15650
58843
30966
4330
57927
7049
78434
76610
30526
55698
45937
54501
1434
38266
55291
10449
38875
43834
90174
92308
87158
76068
40068
85929
57740
51081
61504
41934
17862
79836
10134
97352
72780
83224
30050
77822
6377
20979
60819
59149
8502
81225
62002
62371
58737
12955
8801
94673
90327
82863
25943
17169
93273
76959
41777
3754
99041
25443
7478
24764
98585
63009
3584
67303
83721
14729
39042
60754
71372
83275
25938
45708
27239
18586
34669
27025
89476
37349
93402
20814
24705
58915
99524
94449
10038
6482
65498
86192
93456
39926
89987
52014
90469
74889
60646
89775
71352
84118
58695
64722
92990
21754
28626
91878
46133
63504
86387
3190
12824
10400
16613
32864
50543
80150
58708
77545
45392
53808
9155
40382
37874
65876
61237
39437
38421
74014
22779
64540
42384
25311
84919
81265
90173
89172
73856
27388
76111
97132
99583
34973
24236
49791
65287
7412
38343
2404
55979
10248
32453
71503
94514
32493
68313
35106
80540
187
4531
22350
65702
72329
55824
90761
43343
97998
55010
57148
64609
79745
86311
83931
57454
81420
28020
1119
23357
38465
42618
35915
76210
73486
7711
2051
42228
64243
41329
14629
92797
5782
94849
19673
93389
88670
16786
29955
53113
45634
72455
37281
73653
53973
55563
12661
17072
74823
9491
85063
35221
94704
47795
41288
78467
57035
80450
17033
84179
11230
9037
760
30920
59002
25836
64320
68842
69927
26124
69751
97728
17715
24566
66646
49263
11481
14710
10382
5986
60719
21731
59647
21100
67086
97580
1622
46223
11403
16458
28153
45174
35194
77395
95644
76468
15051
99957
60852
59741
91830
94402
92834
59029
92155
81600
51911
18722
42188
64870
45968
31619
39954
35098
96027
3852
33834
24273
72079
62945
56023
61186
30698
56486
83669
51368
86695
65950
67424
992
98742
52155
30077
18248
16906
76316
71124
79430
89506
88448
50025
32839
51911
49501
53731
37172
87844
99914
52186
85304
7458
47027
34399
77829
90627
6224
59635
195
67612
24901
65000
49813
40379
94001
89682
22374
8377
71560
19087
31583
84614
39999
35013
2552
26501
32507
21192
80521
3453
38850
76410
80661
16703
72030
80573
22194
78306
30919
27450
36224
44302
8702
72845
33578
97644
13351
51401
35395
26285
81829
50605
73605
51993
76084
24217
90550
54610
50834
93497
62555
11344
97475
90975
87744
87571
97960
18637
15026
30915
76066
95694
1254
26744
74860
86351
49322
71958
2809
8578
32971
65352
70454
87637
68341
17929
82686
31306
32404
25901
3726
47000
51425
27195
68594
74609
55957
62498
52970
76852
23985
89973
14591
5461
70995
9168
97445
33511
92971
57946
6593
58721
51925
16126
32814
71279
24900
87138
87398
23702
66591
46921
78946
77177
99606
98218
77855
32759
2450
10864
921
28314
67745
58762
30631
64200
69281
573
36766
37761
81136
79785
68156
21239
8505
35762
76555
92160
41594
55979
57788
76987
44404
42759
93507
47680
30722
90506
3417
27853
20703
60737
10976
12694
99516
54942
71688
1753
38799
27535
1059
86777
35269
29576
58968
61746
32921
57302
60083
99067
45034
54054
91138
32686
50990
32736
79366
87736
53508
92651
36
14785
84694
404
70773
52995
97844
6114
63372
58988
38694
51482
56823
67319
72405
34486
60689
39918
87060
89297
37338
77761
85870
65108
66523
93291
86694
16062
38383
11820
34350
50792
45041
8637
47989
92419
39761
37030
94936
94836
34165
32965
72195
89503
61372
22555
32416
64972
44680
4525
8479
3044
44914
23472
80434
34218
11407
64282
12868
6718
11334
4042
74122
22397
89556
58533
72699
49665
52411
9439
44495
57393
75710
29116
70931
99797
8109
39013
72831
47470
43685
10373
67709
23619
37068
37394
62286
62713
5785
69691
93874
63117
5663
57120
17525
2581
22193
27898
89437
53031
9371
46609
26373
44969
12045
54776
48794
20521
79403
39434
21634
56733
33321
53524
10575
11194
81285
57267
99517
15063
60530
811
62976
89109
57647
27566
1460
53432
97878
19213
52683
96429
93963
87049
95433
91750
20239
70438
17682
91940
24266
80998
85898
10860
24686
88620
99007
56431
56074
73932
15308
61224
14726
56897
45117
13421
89009
53722
37760
91676
59523
76421
2220
3645
64780
29002
3851
73288
87356
72731
95725
78665
91221
39682
38940
89979
95226
57542
10288
72166
89677
45977
99414
81722
13064
2739
20300
22097
53225
48655
25386
2151
34926
69197
70044
42169
58544
6010
79171
48119
36593
32573
81587
53394
67758
66204
65529
90265
14717
5033
90114
58713
16409
25897
70612
74290
9148
6862
81264
18821
78632
47907
82852
76443
50231
91200
49858
24188
54480
74609
88953
41948
49488
3617
41170
50175
21690
44349
72265
2465
62507
65145
27221
15668
74645
70655
91086
40499
84028
56235
83800
40457
37615
19441
71116
59859
32524
29319
56925
92301
70150
9581
58546
44162
61699
74336
84870
85926
7771
18824
58020
64137
83219
79262
69799
13414
56131
96487
14629
55497
14686
29858
57828
81870
75566
70322
66021
76764
14578
97132
7352
21033
13402
37602
14431
65079
1322
20671
51502
23037
38652
5782
47831
78949
95078
14889
56548
43090
13592
87749
39912
76926
58559
83764
40470
49597
39122
55656
68906
53484
32525
41266
99349
99420
76037
2938
42032
19970
26931
69023
58716
16093
12896
91999
11122
37176
39336
68051
89364
44852
51461
67808
56177
64806
65613
38038
78906
13956
24094
62185
1217
14515
31640
24705
75080
54654
48468
2717
91870
39361
38943
78884
31146
28096
55455
12438
21799
33394
45500
41179
74400
23763
5564
84100
16283
78690
66533
95718
23186
81650
27191
53772
72249
32246
20246
5894
68910
2340
12025
43134
24378
21685
20317
5127
13802
26128
97700
52683
44799
424
43835
34626
23184
59526
15071
36293
52206
64736
72210
41573
53520
57087
41689
86955
86863
33388
28750
89172
29889
12828
95215
73314
31777
17234
16600
38129
11675
31376
32175
41972
30018
41638
42361
8259
79327
7834
53530
94408
49940
85049
68485
90765
62691
11441
43671
93106
25285
86798
31911
34918
24318
98172
97622
96708
35068
3737
45370
87617
35403
21605
95943
36250
2022
60436
92719
13062
24801
42836
67042
33323
98084
80186
47213
33984
94436
7629
93893
98227
84921
56433
61247
78612
30269
14566
79649
19430
9167
73600
48978
52383
66234
79125
66861
71577
90419
91466
7974
852
12223
70403
83127
42444
40074
51060
12137
69979
17867
27174
35438
48085
73030
46187
19777
2851
61834
32234
31348
57456
31262
92628
50028
36718
51757
52143
14472
83628
3769
43594
3655
34684
75461
17282
34085
14242
64127
42090
95805
21636
63526
19607
84236
82416
74035
87662
76813
2023
53181
87763
62875
48904
55862
40154
58490
67806
33921
61986
51115
41098
80076
24794
84255
96791
25830
19665
76694
66901
75301
91447
47536
1756
44895
76968
60978
67634
21249
50833
61833
63350
49801
96372
23587
55038
20713
70534
21853
87682
12502
69687
51967
84733
71739
14041
12380
50705
89065
63268
21029
82878
52887
97444
97764
9738
67618
46710
90470
93148
40125
57530
14414
47106
81294
76172
10697
22712
55353
28038
19789
39694
24910
87075
38824
44645
5470
20178
54393
28181
55588
11809
71163
72887
8472
37740
5054
8999
23144
42990
68757
96615
19839
66520
3371
99731
78244
29498
51176
35797
4908
71851
80840
46820
3046
79725
79279
84702
93109
29277
29000
10996
8776
75012
92885
79984
41693
90914
5910
10114
42363
15039
74394
33383
51771
75394
88342
96615
23330
96381
63150
38551
51540
3215
32682
65430
61697
3024
26441
903
78972
44791
29311
27891
91049
98481
73219
31768
4217
93836
14448
73018
25048
20321
35755
37435
37809
5846
69241
30
33070
23933
68443
90234
77907
72758
61380
20383
62193
16218
32220
29868
49841
89945
80605
24939
48745
23528
36159
77764
78476
16260
44940
19262
12537
17904
64254
11554
30901
55320
35891
36699
58440
95819
96244
28376
35705
38795
97814
87387
71595
3505
97373
38764
57651
3847
94260
89312
8973
66256
51552
56080
56317
60341
26815
31343
61635
85470
87525
84675
77952
43866
46830
12440
27724
47549
30703
72978
6294
85159
46927
67547
63969
84440
28100
31756
69914
92145
22402
65966
94545
9099
77106
11771
82603
15301
49739
90969
92998
29924
34851
15991
44442
21017
59843
98664
27793
47411
30847
86390
72813
45029
39296
71261
57537
33029
55572
79977
90581
22212
7020
64345
72462
8296
16774
1766
8051
5830
26563
94206
56984
51801
65810
55972
13443
27002
81789
37594
11299
13208
56770
8549
47084
75796
1073
33593
77959
86607
81977
36546
34302
17890
20642
25298
70300
93758
86924
9782
74449
89536
8497
45421
37474
50847
77126
61645
77265
67934
30788
27807
73702
87293
50240
23176
11554
24638
74709
2299
82459
84909
76692
66263
68792
4240
70519
51096
64362
96275
90440
63644
26608
47804
6853
39073
76990
49330
94994
44751
55347
56361
39939
33699
34236
17360
34057
24542
2875
40457
27035
40454
88513
93784
14238
91385
53183
74040
87566
75851
76356
53389
22328
51794
44276
45876
38055
22337
2842
95716
91025
48724
46835
76478
14940
97062
31453
48753
38584
59580
45615
27744
4921
34564
81791
59969
97370
21246
51401
48253
16254
41886
43453
8045
42138
34053
65456
34076
39723
71672
65116
72871
57143
84212
88148
19273
67357
95113
17434
70481
22536
36431
66415
40566
75420
96558
66832
85103
62778
45405
82662
68392
84242
24045
73651
63805
45207
61089
69748
98729
79540
72356
25662
23371
83467
7126
56961
90512
98762
72151
22224
45501
41224
26711
50316
66712
94940
32789
49035
55303
68573
32466
6133
9302
32950
55302
86452
4498
61836
44894
27169
1892
89855
43239
99770
78428
93330
93805
78426
43818
82412
91633
29905
26823
83591
98370
78598
22786
85804
76509
50453
33701
93569
12295
88209
81578
69049
1356
86856
33201
7042
24870
39703
89607
15996
82620
46211
49071
97358
2407
22052
76872
32087
60064
80003
1399
77674
86750
20929
99275
84611
9100
75673
68832
50285
14518
42185
21775
17969
77839
86188
84933
2880
94921
26538
14089
15073
80533
28193
6276
14552
77570
32612
49951
23247
199
61718
40007
2764
51203
13928
40947
4224
96864
19397
85647
4284
96007
6557
26673
64668
14367
67818
65308
22812
99690
8392
46184
67089
27450
35734
95541
78797
68613
60722
20282
96106
23472
66654
97719
66773
12223
92897
80157
16326
2669
21779
74846
9597
8537
12641
90289
81307
99917
75808
3790
49478
66401
59243
59204
65741
98634
96930
99551
19948
18878
12202
30461
26823
68385
46457
9322
75151
32202
85972
97042
91415
3394
69224
68941
24154
57950
62438
91084
61899
27735
34944
65114
26129
98925
55146
69133
38114
71400
45716
9754
41336
5065
29383
24925
26364
14079
88275
85084
80577
19688
27051
37828
21507
83076
98553
97889
97106
71132
56782
91846
3981
66323
33570
85334
65121
95795
54465
70384
67559
4858
68865
92157
85573
79849
77918
36299
37009
85741
93476
68563
31199
33958
59573
64400
99573
71990
15242
19094
41704
2078
23133
53893
40854
32893
71711
97997
24673
71308
70947
87092
76955
1272
78345
85531
88546
87503
3061
78605
41287
25624
17389
83164
82431
27347
67474
64869
25185
11113
50529
70895
25728
85248
72690
46635
81514
64222
70929
14251
23677
27414
42226
41005
40927
52790
43491
25271
46252
23853
60875
8342
29505
48894
31593
53843
75352
2357
68211
38951
54984
6524
94066
25016
6481
17960
14925
42106
62346
11822
30125
37197
3741
14888
61381
320
38656
97353
40304
99824
60168
73760
35593
72081
82085
33981
50681
81105
61533
99618
45235
66671
72358
98836
83019
89918
84162
39575
4859
84173
92681
6102
75754
54765
15435
4380
69915
64886
98473
3745
69767
32081
52304
59819
24509
67450
44593
10532
35855
89775
60641
91408
15367
43398
47414
74107
70228
39030
62067
39132
56302
11730
36079
68022
30233
64105
4581
17043
76241
45549
83621
12481
95954
26642
36996
11795
73110
94990
55532
86933
15679
77241
53837
91957
34674
82190
30434
22247
41241
15451
39950
45102
72781
58214
19984
39322
214
5574
54859
25377
36084
50007
19409
6263
83340
74321
85819
63196
91969
85431
39097
62885
26431
27329
67323
24389
64655
7242
37140
35449
6257
13106
31316
64252
41424
76553
41956
92674
77826
46806
5113
86683
60105
46138
49776
85360
4302
70168
93018
51722
15243
77485
88251
97738
7449
11511
44554
22448
67419
53678
88076
29012
94555
42526
78807
30304
72838
73624
42860
38806
82489
15895
26056
57169
11113
79712
54404
63532
98415
64390
4976
44624
61833
93929
14203
76233
95348
15966
10700
22729
2271
16516
56009
94190
36822
32873
22860
49262
92838
70868
95644
36593
38762
50380
20749
94693
81221
74956
72409
88418
88129
2811
22763
7070
843
69999
22991
89719
44022
27597
50354
69758
39138
70668
9701
99732
30750
92710
99296
62665
58053
61447
52229
51774
95252
45508
16771
83060
31417
7994
87679
83194
16259
97404
6880
91467
26449
20721
70529
74700
3936
2979
35475
89249
68327
66614
32289
94670
51785
45952
29590
70991
78714
23527
11848
29229
22570
93844
57932
82064
57548
72760
66586
45417
26769
43973
78467
17137
99891
49206
34002
85399
67986
8931
91623
92557
32107
10872
26516
70517
97845
90871
21366
55531
56388
35131
24586
3582
40942
52625
28604
85457
32212
27080
95309
16260
82765
34131
77170
18369
6447
25302
70071
36309
33707
38562
46742
79843
86245
14616
94974
46375
99581
42699
3227
10368
64230
79118
16259
77971
8459
17640
36246
82644
47203
59940
57522
73393
10587
97646
16608
22992
56962
7786
23178
22102
33738
91070
3252
36871
84026
87230
78032
25070
16536
77012
94217
26722
25108
827
68765
52210
81245
79665
88851
26421
81274
46571
38176
85206
99902
56301
51567
9850
81309
79008
66230
45543
9569
50946
56620
11863
46693
65330
36000
23047
43525
86089
90207
99522
27697
28291
21251
80297
4455
54603
54859
53992
86236
51602
39992
96501
59336
56389
82292
35738
35218
51919
54258
47146
70153
70858
30187
28181
61630
96727
13273
57805
46599
23627
33600
2707
53606
62683
54997
97321
50227
48466
82307
2380
11594
82232
51905
76414
36708
56828
23163
30393
14142
3555
10236
7664
47897
77260
16335
4508
4898
97556
6987
52698
37982
29808
72632
81380
91443
96993
8796
70159
97679
7267
9204
64033
61421
63408
6743
34149
95812
79406
9321
3812
75363
84119
51400
3146
47808
28421
24330
72973
12865
61174
45904
56337
84071
57989
25511
79960
8690
55730
48146
54000
28849
83253
33460
670
52267
17623
36074
27363
77107
4910
55812
66783
29469
35620
1022
55911
21207
92304
47345
46324
97185
7103
69963
14684
37005
23646
13656
81368
70219
12704
85283
88767
89911
84901
9305
83982
63073
37220
79908
92856
4073
55174
37746
88550
3252
51957
70125
28395
46586
2222
94719
70166
85210
6948
4888
50692
91823
62816
752
11996
30502
24688
79369
49727
38660
25474
12864
20344
7035
70627
56183
56773
28645
36439
96387
30687
25183
54234
30143
50089
60566
78332
30251
51512
39681
61326
78049
45646
6856
6863
58045
41581
61079
18116
6686
29598
9965
90312
63521
84470
54935
22009
9859
85939
32773
95132
24898
3416
84285
95489
87802
29197
93763
83364
98763
9731
21892
2209
50886
66550
78983
87645
83824
64682
10391
4103
87624
88659
56326
18255
29061
87960
86354
59639
58779
98084
94961
56918
53692
95953
27146
75744
19913
42034
63001
41260
33112
92715
46557
26064
24200
86974
59877
16863
23385
61010
16606
90220
70212
48350
20291
16034
47024
50504
67102
50331
19532
46360
87528
22639
86766
16634
57881
99990
97112
62613
51361
64705
1121
66644
11017
41915
35496
4
36247
46118
331
16434
47192
43509
36039
10174
72732
20026
62341
47539
59814
43283
67227
13191
6812
77237
30716
50137
67275
26430
38154
70788
56168
97826
56254
81169
47909
60685
47805
82831
51428
93945
87807
69949
57083
52533
74759
3494
42923
6774
77941
89551
73607
11752
20150
94039
79378
39243
12410
20837
76905
42782
86518
77829
48898
56001
98374
26249
44941
94227
1021
46886
62727
50955
77511
89499
11289
92167
45150
48669
85382
98086
51751
84111
31230
23679
6497
10370
48731
75282
30756
28367
2039
16848
96698
7930
26184
74743
66229
24338
59056
4605
27379
28404
34185
28707
9038
49378
76561
27406
28918
24527
60501
7504
1060
76300
57789
41961
44500
74239
95154
97884
1220
99035
74145
94128
9465
33081
12408
74075
99944
7353
28807
96044
31117
96991
62433
46568
68023
24729
86450
27970
44613
68114
55835
44258
88097
35799
90580
1467
15329
17745
60943
40109
55963
67429
46461
20023
18059
20157
74195
80423
41600
72940
45983
86604
40365
78625
93077
81537
81162
63977
93101
41229
19079
741
50249
47930
15106
50883
55577
61137
68307
77965
41875
56655
92836
24262
37991
88551
45827
97248
45301
52761
77172
31641
28032
80647
43584
23837
71808
28007
48543
10027
60050
5806
27465
87321
43084
75671
88852
81080
43452
12902
83567
53168
47768
10039
85267
30084
66802
91821
10537
9555
5434
19424
52987
223
90569
42936
79812
97915
21600
16011
44357
46808
5668
29981
20153
26293
51745
97401
68926
79648
14118
56914
96484
48028
32382
63241
87680
15643
52788
32668
78689
76184
13179
79452
12848
19537
45993
16027
55244
81743
49886
76592
70297
95171
2693
33557
31301
86553
56674
29493
30585
12231
19105
41923
77511
89035
45659
55480
45593
75321
10261
40856
96700
35166
13816
62066
14384
28294
18209
94559
22871
7615
72565
69293
49750
39232
6778
62056
14462
16536
71217
28783
4201
34697
77490
10313
93906
90911
93175
61838
79471
80709
15680
53292
85102
26397
70602
45411
38702
8273
23975
59553
77310
32653
64012
65820
36892
56963
30924
27693
98445
96483
35940
27978
84943
9664
94144
91509
58618
29738
22986
20992
35556
96811
18007
6219
68368
38048
65091
4702
92355
59307
62033
80087
47532
25842
14654
4048
39480
18622
20084
53926
57085
83691
38625
77059
11228
44481
71664
7119
91408
77849
16352
69653
18665
76297
23119
45086
83234
14637
45779
68707
47569
43091
13405
22419
13357
94404
34988
18854
85181
56574
41977
22512
46572
86164
16516
54416
83967
75963
57618
67391
64960
91137
3679
57598
16363
43717
80920
75065
55297
83938
772
69684
54379
82566
46458
94825
8951
76695
4675
4670
30798
15117
23288
21106
99700
54836
91003
42970
87153
34460
3187
35337
13849
36289
4609
7947
30389
29029
70731
78000
42158
14371
90697
78802
37130
75894
50571
15698
24438
85556
57331
25635
30489
19632
47239
92379
636
3213
13107
85423
69779
94970
61749
5502
64119
64388
29298
37069
14845
78146
5993
51019
67053
84720
46458
80816
57831
27365
71768
17520
32912
70677
79823
38309
25688
3210
89400
21825
92500
22977
80155
41295
68970
41146
6279
76889
53957
88870
5956
98158
80903
74544
70264
78735
74648
5664
20366
58690
63937
69562
11582
2507
64675
86033
54118
71858
21852
49660
63702
87208
81551
70824
69885
14715
56258
49570
79672
53142
8920
9147
77395
93403
95484
48082
78610
80081
80713
83516
92480
4941
36580
75959
5133
1219
98919
67386
55654
81859
97673
66254
37233
76661
96241
85478
81836
24975
31611
70169
14090
47208
588
1816
94730
68287
55750
23160
75134
71806
38807
85946
37738
5026
95348
27947
84487
83374
22745
61311
18519
464
23636
79399
97854
79094
19015
37879
16757
38398
70195
48521
16843
98822
80678
63666
64861
2604
84641
92934
16870
97566
6004
12580
93430
54594
99535
78968
60986
73832
91522
39400
21397
43174
75478
13198
32326
47584
5958
27472
62076
17643
86384
47078
74565
57891
34018
59702
99240
81874
5005
29952
52871
61039
8834
58512
6805
35062
93384
59315
32604
6810
69387
56799
60308
77061
76919
40303
88159
66775
84697
22308
17269
13941
86516
91620
7946
87135
89491
31190
6193
20638
23778
38360
93574
98323
13145
5349
18046
30411
19425
12064
25355
85614
35516
20270
17405
4500
80109
10883
57710
4261
91503
6520
8988
6941
25630
31290
2785
93644
12992
39882
82659
52090
31313
78862
69816
54901
26698
96841
4478
62611
2207
77982
76388
71573
65499
71895
61093
75330
45287
15052
62007
76650
1962
89007
6645
95458
35752
40711
31891
60624
80818
66059
27815
44342
75585
44908
82510
18526
22950
41176
56019
74278
7625
60207
34282
51553
836
75893
98330
63561
28108
79300
14000
97098
46894
57671
82912
48997
65903
56568
22650
96469
95504
69375
16997
17478
1164
40059
90574
22451
87417
36103
28805
21004
16647
54655
96424
59010
13552
71758
12618
17365
15057
11416
1098
77267
24955
29652
165
67434
26680
74636
18775
12550
63765
3585
46206
3742
72349
4924
30508
3543
91559
9524
51256
61048
26570
77910
76946
86866
37574
97835
54659
62212
15511
70228
85240
20767
22224
66008
16633
93014
55815
73491
94323
62561
74573
20631
97162
23266
89228
45160
92664
7846
33407
94065
62253
54698
81360
5371
12004
57326
82377
18010
45669
75275
39641
26545
65822
77640
1824
78549
687
34436
97455
43884
83783
46173
48217
67702
82942
30947
50177
85540
50514
98221
37822
75267
74954
19509
93254
776
90081
15995
71220
46544
31241
98520
82579
74219
83233
4101
975
92792
65396
25638
20226
85676
35639
809
30681
31537
40951
59173
84409
83849
32312
78813
93731
34779
64560
92298
7018
25978
66927
94150
94927
37324
96397
63862
49230
54966
83273
87666
62410
32271
63633
66216
63350
85707
66437
48972
88849
41661
99714
49719
49601
7628
86683
26909
88129
65939
17304
2730
91717
81080
198
912
75148
13106
78475
42086
72922
85641
89793
95690
2629
48334
70090
42305
3816
43419
68191
96175
67581
78029
36732
24390
41108
67031
93250
55413
36372
34474
99690
89531
1838
32665
9922
44821
92911
98216
34148
96695
39886
1957
38100
3315
5871
56026
21051
17311
19556
30168
55444
49066
51912
29791
53284
70722
55145
11773
88401
92493
16314
94016
47047
58688
55699
9973
54259
46964
93291
64221
8164
80230
95169
23542
29187
33258
17807
85072
40673
83864
46384
40934
22209
21478
74545
18947
86736
18627
2876
22124
72460
62318
72676
46902
75455
37144
44079
36979
44240
19395
10162
87681
9633
32200
24399
25367
31150
23209
88728
88106
14542
30086
83210
7328
55337
57576
29336
56995
85717
35948
92295
1634
71711
97795
46284
69424
19188
10990
42759
85978
13778
19338
35324
17686
22742
68481
11466
76353
88785
68924
8934
95199
50340
84115
4237
72415
58009
72543
89810
64629
59942
59183
82785
92477
36331
69197
13504
72452
402
38644
19463
50809
93368
22312
16910
49471
57368
2684
54962
54566
78246
53465
48370
97464
12124
60139
43683
73970
14449
47468
31586
3898
59144
74750
22041
14454
66444
86502
35805
21829
94848
84748
6879
36070
4213
11846
41479
75579
78980
15236
67066
22201
90424
34219
97398
1252
72151
45281
5035
90075
13869
64222
57345
61422
59121
59588
31958
26327
53739
92889
59045
82206
4022
81552
99373
11956
4929
78667
11589
94941
77084
68286
49907
84583
83891
73485
64427
65890
62611
48970
90050
92441
5424
64931
55691
54492
84153
94612
73593
86270
35550
24379
16241
16324
46063
50998
62343
41203
41139
76758
48984
89357
27008
6154
9139
79484
66745
71528
95113
90392
50556
13363
7437
51707
82025
48856
15225
34807
44627
90869
39846
84976
24393
85794
54779
67164
39301
93024
22353
83057
2783
1527
22508
6468
94349
52069
51497
41092
98247
17879
85995
450
27863
3348
47316
81634
12153
62157
98088
25530
15244
19624
41777
50266
27945
9722
78195
30438
3159
2601
72574
42247
3643
16965
54982
48313
98388
66511
16685
58403
30557
17544
59878
86897
78678
67704
42448
51822
91081
88269
95687
13977
71053
71894
50247
46288
66313
36847
78406
23404